image: 360_laser_labAir.pgm
resolution: 0.050000
origin: [-5.186285, -3.991388, 0.000000]
negate: 0
occupied_thresh: 0.65
free_thresh: 0.196

