image: 2025.09.03_mapa_mabair_HOUSE.pgm
resolution: 0.100000
origin: [-6.187686, -6.146680, 0.000000]
negate: 0
occupied_thresh: 0.65
free_thresh: 0.196

