image: 2024.12.06-first_run.pgm
resolution: 0.050000
origin: [-4.245691, -8.901354, 0.000000]
negate: 0
occupied_thresh: 0.65
free_thresh: 0.196

