image: 2025.03.09_Mapa_LabAir_LEMN.pgm
resolution: 0.100000
origin: [-6.612286, -5.034659, 0.000000]
negate: 0
occupied_thresh: 0.65
free_thresh: 0.196

