image: 2025.03.09_mapa_labair.pgm
resolution: 0.100000
origin: [-7.732149, -5.230249, 0.000000]
negate: 0
occupied_thresh: 0.65
free_thresh: 0.196

